0 0.882813 0.713194 0.018750 0.031944
0 0.707812 0.161111 0.021875 0.033333
0 0.764063 0.034028 0.023438 0.054167
0 0.582422 0.068750 0.019531 0.037500
0 0.416016 0.122222 0.014844 0.027778
1 0.808203 0.111111 0.011719 0.025000
1 0.763672 0.307639 0.008594 0.023611
1 0.905078 0.613194 0.011719 0.023611
1 0.779688 0.617361 0.014062 0.026389
1 0.809375 0.629861 0.015625 0.029167
1 0.580859 0.464583 0.011719 0.023611
1 0.495703 0.481944 0.014844 0.025000
1 0.469531 0.502778 0.017188 0.022222
1 0.416797 0.455556 0.010156 0.025000
1 0.451562 0.634722 0.017188 0.033333
1 0.387500 0.719444 0.015625 0.019444
1 0.410937 0.543056 0.009375 0.016667
1 0.389844 0.565278 0.009375 0.013889
1 0.367578 0.573611 0.014844 0.016667
1 0.333203 0.272917 0.014844 0.023611
1 0.212891 0.106944 0.016406 0.022222
1 0.260938 0.275694 0.012500 0.029167
1 0.257031 0.177778 0.014062 0.019444
1 0.275391 0.493056 0.011719 0.027778
1 0.195313 0.511806 0.018750 0.020833
2 0.188672 0.466667 0.039844 0.091667
2 0.110156 0.465278 0.032812 0.033333
2 0.117969 0.552083 0.071875 0.076389
2 0.383984 0.134722 0.083594 0.055556
2 0.717578 0.094444 0.014844 0.058333
2 0.840234 0.089583 0.030469 0.040278
2 0.844531 0.633333 0.026563 0.047222
2 0.876562 0.667361 0.023438 0.043056
2 0.713672 0.790278 0.027344 0.058333
2 0.756641 0.850000 0.032031 0.100000
2 0.706250 0.877778 0.025000 0.050000
2 0.529297 0.875694 0.071094 0.090278
2 0.447266 0.885417 0.024219 0.020833
2 0.275391 0.813194 0.027344 0.026389
2 0.200781 0.852778 0.023438 0.030556
2 0.471094 0.241667 0.018750 0.041667
2 0.540234 0.413889 0.028906 0.036111
2 0.555859 0.463194 0.019531 0.026389
3 0.131641 0.483333 0.072656 0.100000
3 0.175000 0.600694 0.173438 0.109722
3 0.277734 0.462500 0.122656 0.113889
3 0.420312 0.528472 0.093750 0.087500
3 0.545313 0.304167 0.057813 0.105556
3 0.918359 0.426389 0.092969 0.094444
3 0.818750 0.611111 0.017188 0.027778
3 0.821484 0.660417 0.011719 0.020833
4 0.686328 0.472222 0.119531 0.172222
