4 0.323438 0.401389 0.125000 0.161111
3 0.089844 0.316667 0.017188 0.030556
3 0.771875 0.245139 0.128125 0.126389
3 0.711719 0.411806 0.075000 0.095833
3 0.635156 0.132639 0.039063 0.095833
2 0.803516 0.072222 0.041406 0.041667
2 0.677344 0.184722 0.018750 0.044444
2 0.772266 0.411111 0.019531 0.044444
2 0.639063 0.774306 0.018750 0.034722
2 0.712500 0.898611 0.042188 0.072222
2 0.560547 0.768056 0.021094 0.033333
2 0.709375 0.527083 0.014062 0.029167
2 0.852734 0.545833 0.013281 0.027778
2 0.179688 0.654861 0.031250 0.056944
2 0.167187 0.506250 0.065625 0.054167
2 0.178125 0.207639 0.032812 0.045833
1 0.200000 0.461111 0.012500 0.019444
1 0.210547 0.320139 0.013281 0.020833
1 0.264844 0.752083 0.012500 0.023611
1 0.645312 0.209722 0.009375 0.019444
1 0.655859 0.241667 0.010156 0.022222
1 0.738281 0.392361 0.014062 0.029167
1 0.778125 0.745833 0.009375 0.016667
1 0.807813 0.370139 0.010937 0.020833
1 0.828125 0.352083 0.010937 0.023611
1 0.777344 0.205556 0.007813 0.016667
0 0.706250 0.902083 0.020312 0.045833
