4 0.178906 0.552778 0.126563 0.155556
2 0.298438 0.384722 0.023438 0.052778
2 0.357812 0.372917 0.067188 0.095833
2 0.425000 0.399306 0.025000 0.037500
2 0.304297 0.136806 0.017969 0.029167
2 0.632813 0.399306 0.023438 0.031944
2 0.687891 0.397917 0.021094 0.037500
2 0.566016 0.440972 0.035156 0.056944
2 0.595312 0.518750 0.067188 0.054167
2 0.689844 0.546528 0.046875 0.070833
2 0.591797 0.685417 0.041406 0.056944
2 0.371094 0.793056 0.046875 0.069444
2 0.453125 0.734028 0.028125 0.045833
2 0.387109 0.661806 0.024219 0.034722
2 0.489453 0.804861 0.032031 0.040278
1 0.298828 0.107639 0.010156 0.018056
1 0.314844 0.101389 0.012500 0.022222
1 0.434766 0.248611 0.011719 0.013889
1 0.448828 0.287500 0.011719 0.016667
1 0.475391 0.272917 0.011719 0.023611
1 0.453516 0.486806 0.008594 0.020833
1 0.472656 0.501389 0.010937 0.013889
1 0.448438 0.536111 0.010937 0.019444
1 0.423828 0.534028 0.010156 0.020833
1 0.336719 0.666667 0.014062 0.013889
1 0.275781 0.772222 0.010937 0.022222
1 0.487891 0.877778 0.014844 0.016667
1 0.531250 0.063194 0.012500 0.029167
1 0.566406 0.193056 0.014062 0.025000
1 0.620313 0.238889 0.012500 0.025000
0 0.615625 0.872917 0.085938 0.106944
0 0.408984 0.401389 0.050781 0.075000
0 0.330078 0.134722 0.033594 0.044444
