4 0.782031 0.539583 0.120312 0.159722
2 0.212109 0.187500 0.060156 0.075000
2 0.279687 0.356250 0.020312 0.031944
2 0.551172 0.085417 0.033594 0.037500
2 0.469531 0.691667 0.014062 0.027778
1 0.220703 0.215278 0.010156 0.019444
1 0.281250 0.265278 0.009375 0.016667
1 0.336328 0.379167 0.013281 0.019444
1 0.315234 0.450694 0.011719 0.023611
1 0.218359 0.948611 0.010156 0.019444
1 0.243359 0.469444 0.008594 0.022222
1 0.554688 0.063889 0.007813 0.016667
1 0.484766 0.187500 0.008594 0.019444
1 0.520703 0.788889 0.008594 0.022222
1 0.567578 0.656250 0.010156 0.012500
1 0.892187 0.721528 0.010937 0.020833
