0 0.240234 0.075000 0.025781 0.033333
0 0.259766 0.052083 0.028906 0.037500
0 0.711719 0.067361 0.051562 0.059722
0 0.643750 0.788194 0.015625 0.020833
1 0.250000 0.800694 0.010937 0.026389
1 0.280078 0.838889 0.013281 0.027778
1 0.171094 0.130556 0.007813 0.022222
1 0.228516 0.089583 0.010156 0.018056
1 0.390625 0.083333 0.010937 0.016667
1 0.255859 0.200694 0.011719 0.023611
1 0.451172 0.298611 0.013281 0.022222
1 0.445703 0.388889 0.010156 0.016667
1 0.662109 0.259722 0.008594 0.019444
2 0.385156 0.731944 0.021875 0.041667
2 0.112500 0.281944 0.009375 0.036111
2 0.563672 0.775694 0.014844 0.023611
2 0.644141 0.768750 0.013281 0.020833
2 0.716406 0.084722 0.017188 0.027778
3 0.523047 0.357639 0.022656 0.029167
3 0.443750 0.373611 0.021875 0.044444
3 0.432031 0.687500 0.031250 0.052778
4 0.248828 0.481250 0.111719 0.154167
