1 0.201953 0.193750 0.008594 0.020833
1 0.119141 0.237500 0.008594 0.022222
1 0.223438 0.508333 0.007813 0.022222
1 0.235938 0.504861 0.009375 0.026389
1 0.207422 0.872917 0.007031 0.020833
1 0.164063 0.858333 0.009375 0.022222
1 0.445313 0.308333 0.010937 0.019444
1 0.403125 0.300694 0.007813 0.020833
1 0.423828 0.273611 0.011719 0.019444
1 0.479297 0.338889 0.011719 0.019444
1 0.545313 0.227083 0.010937 0.018056
1 0.551172 0.027778 0.010156 0.019444
1 0.582812 0.073611 0.009375 0.019444
1 0.640234 0.522917 0.010156 0.018056
1 0.480469 0.936806 0.009375 0.018056
1 0.465625 0.938889 0.009375 0.019444
2 0.398438 0.150000 0.017188 0.022222
2 0.563672 0.016667 0.014844 0.027778
2 0.203906 0.129861 0.012500 0.026389
2 0.147656 0.565972 0.017188 0.029167
2 0.160547 0.821528 0.024219 0.048611
2 0.660547 0.265972 0.016406 0.031944
2 0.565234 0.786111 0.017969 0.027778
3 0.178906 0.419444 0.026563 0.050000
3 0.402734 0.648611 0.058594 0.100000
3 0.564062 0.623611 0.134375 0.150000
3 0.471875 0.727083 0.053125 0.251389
3 0.277734 0.599306 0.058594 0.134722
3 0.074219 0.572222 0.017188 0.063889
4 0.728125 0.579861 0.109375 0.193056
