0 0.280078 0.121528 0.022656 0.034722
0 0.483594 0.212500 0.025000 0.036111
0 0.544531 0.876389 0.020312 0.038889
0 0.306641 0.698611 0.021094 0.033333
1 0.318750 0.020833 0.007813 0.025000
1 0.187500 0.084722 0.010937 0.025000
1 0.244531 0.584722 0.009375 0.025000
1 0.304297 0.676389 0.010156 0.019444
1 0.328906 0.650000 0.006250 0.019444
1 0.360938 0.857639 0.007813 0.020833
1 0.455469 0.717361 0.006250 0.023611
1 0.500781 0.742361 0.010937 0.020833
1 0.536719 0.807639 0.009375 0.023611
1 0.561719 0.883333 0.017188 0.025000
1 0.592188 0.659722 0.012500 0.025000
1 0.906250 0.248611 0.009375 0.016667
2 0.203125 0.094444 0.021875 0.027778
2 0.303125 0.672917 0.017188 0.026389
2 0.484766 0.213889 0.024219 0.044444
2 0.602344 0.252083 0.017188 0.031944
2 0.627734 0.104861 0.014844 0.026389
2 0.890625 0.250000 0.018750 0.036111
3 0.401172 0.024306 0.044531 0.048611
3 0.306250 0.553472 0.026563 0.043056
3 0.339063 0.636806 0.012500 0.026389
4 0.769531 0.456944 0.120312 0.166667
