4 0.694141 0.484028 0.113281 0.204167
0 0.182812 0.763889 0.021875 0.041667
0 0.540234 0.956944 0.017969 0.033333
0 0.781641 0.784028 0.042969 0.068056
0 0.748828 0.738194 0.017969 0.034722
0 0.712500 0.924306 0.032812 0.043056
0 0.293750 0.040278 0.029687 0.027778
0 0.553516 0.028472 0.022656 0.040278
0 0.397656 0.257639 0.021875 0.054167
0 0.741016 0.853472 0.021094 0.040278
1 0.180469 0.357639 0.010937 0.023611
1 0.206250 0.286111 0.007813 0.019444
1 0.250391 0.187500 0.007031 0.016667
1 0.393359 0.304861 0.008594 0.018056
1 0.280078 0.210417 0.008594 0.018056
1 0.244922 0.762500 0.010156 0.016667
1 0.191406 0.815972 0.009375 0.018056
1 0.156250 0.806944 0.007813 0.013889
1 0.612109 0.412500 0.010156 0.019444
1 0.736719 0.752083 0.007813 0.018056
2 0.384766 0.211111 0.024219 0.041667
2 0.472266 0.241667 0.042969 0.036111
2 0.339453 0.317361 0.032031 0.048611
2 0.377344 0.259028 0.020312 0.034722
2 0.252344 0.173611 0.015625 0.019444
2 0.333203 0.861111 0.027344 0.041667
2 0.164844 0.765278 0.018750 0.036111
2 0.141797 0.718750 0.013281 0.034722
2 0.577344 0.909028 0.034375 0.040278
2 0.671484 0.060417 0.010156 0.029167
3 0.396875 0.318750 0.087500 0.148611
