0 0.371484 0.311111 0.035156 0.047222
0 0.207031 0.082639 0.025000 0.040278
0 0.202734 0.641667 0.016406 0.033333
0 0.230859 0.711111 0.028906 0.030556
0 0.467578 0.889583 0.021094 0.059722
0 0.863281 0.233333 0.028125 0.038889
1 0.291797 0.441667 0.008594 0.016667
1 0.232031 0.289583 0.009375 0.015278
1 0.472656 0.565972 0.009375 0.023611
1 0.513672 0.554861 0.019531 0.031944
1 0.369922 0.715278 0.013281 0.025000
1 0.354688 0.676389 0.014062 0.027778
1 0.561328 0.796528 0.019531 0.026389
1 0.730469 0.787500 0.017188 0.030556
1 0.834766 0.168056 0.010156 0.016667
1 0.647656 0.188889 0.010937 0.016667
2 0.166406 0.113889 0.018750 0.027778
2 0.266797 0.311111 0.022656 0.033333
2 0.301562 0.338889 0.018750 0.033333
2 0.375000 0.345139 0.026563 0.029167
2 0.207422 0.548611 0.021094 0.044444
2 0.242969 0.502083 0.018750 0.023611
2 0.183984 0.641667 0.078906 0.080556
2 0.377734 0.619444 0.017969 0.038889
2 0.703125 0.030556 0.057813 0.041667
2 0.909766 0.406250 0.028906 0.037500
2 0.733984 0.736111 0.044531 0.097222
2 0.793359 0.747917 0.024219 0.079167
2 0.690625 0.894444 0.020312 0.041667
2 0.751562 0.863889 0.021875 0.033333
2 0.440625 0.888194 0.023438 0.029167
2 0.490234 0.912500 0.024219 0.033333
2 0.403125 0.035417 0.020312 0.029167
3 0.333984 0.582639 0.061719 0.062500
3 0.375781 0.414583 0.082813 0.098611
3 0.392969 0.247917 0.110937 0.095833
3 0.316406 0.310417 0.023438 0.115278
4 0.711328 0.461111 0.141406 0.175000
