4 0.233984 0.526389 0.110156 0.152778
3 0.467969 0.488194 0.085938 0.154167
3 0.377344 0.390278 0.146875 0.083333
3 0.327734 0.498611 0.046094 0.119444
2 0.635547 0.474306 0.022656 0.051389
2 0.648047 0.586806 0.052344 0.065278
2 0.726563 0.582639 0.051562 0.062500
2 0.801953 0.639583 0.027344 0.043056
2 0.755078 0.672917 0.025781 0.051389
2 0.694531 0.682639 0.025000 0.034722
2 0.509375 0.077083 0.090625 0.090278
2 0.300391 0.120833 0.052344 0.066667
2 0.366016 0.458333 0.074219 0.097222
2 0.368750 0.588194 0.031250 0.048611
2 0.049219 0.362500 0.012500 0.041667
2 0.133984 0.774306 0.046094 0.073611
1 0.457031 0.336111 0.021875 0.044444
1 0.364453 0.684028 0.010156 0.020833
1 0.453516 0.717361 0.014844 0.023611
1 0.625781 0.699306 0.009375 0.020833
1 0.573047 0.749306 0.019531 0.026389
1 0.758984 0.547917 0.010156 0.020833
0 0.754687 0.138194 0.029687 0.037500
0 0.551953 0.090278 0.027344 0.047222
0 0.491406 0.060417 0.017188 0.023611
0 0.251563 0.038194 0.015625 0.043056
0 0.177344 0.853472 0.023438 0.076389
0 0.228516 0.852083 0.032031 0.062500
