4 0.792188 0.506944 0.123438 0.177778
3 0.126563 0.500000 0.103125 0.155556
3 0.287500 0.597917 0.217187 0.137500
3 0.337500 0.313194 0.118750 0.104167
3 0.392578 0.481944 0.038281 0.111111
3 0.664453 0.042361 0.050781 0.079167
3 0.497266 0.479861 0.041406 0.073611
3 0.588672 0.438194 0.035156 0.043056
3 0.644531 0.543056 0.118750 0.094444
2 0.843750 0.345833 0.101563 0.133333
2 0.739062 0.125000 0.071875 0.111111
2 0.676953 0.203472 0.058594 0.084722
2 0.742578 0.428472 0.036719 0.043056
2 0.605859 0.034028 0.024219 0.040278
2 0.490625 0.326389 0.039063 0.072222
2 0.428125 0.326389 0.046875 0.127778
2 0.430859 0.600000 0.042969 0.102778
2 0.251953 0.483333 0.146094 0.188889
2 0.341016 0.050694 0.027344 0.048611
1 0.396875 0.134028 0.028125 0.043056
1 0.236328 0.084028 0.011719 0.029167
1 0.400781 0.069444 0.012500 0.022222
1 0.135156 0.245833 0.018750 0.019444
1 0.128516 0.283333 0.010156 0.022222
1 0.147656 0.383333 0.015625 0.027778
1 0.189844 0.357639 0.012500 0.034722
1 0.243359 0.356250 0.010156 0.018056
1 0.060547 0.325694 0.014844 0.023611
1 0.356641 0.630556 0.011719 0.030556
1 0.773047 0.311111 0.025781 0.041667
1 0.618750 0.261806 0.037500 0.040278
1 0.646094 0.375000 0.037500 0.052778
0 0.765234 0.029167 0.038281 0.041667
0 0.798437 0.060417 0.031250 0.043056
0 0.878906 0.184722 0.017188 0.027778
0 0.705469 0.728472 0.032812 0.045833
0 0.105859 0.188194 0.024219 0.034722
