4 0.233203 0.410417 0.103906 0.156944
0 0.200391 0.153472 0.047656 0.054167
0 0.241797 0.147917 0.017969 0.029167
0 0.239453 0.094444 0.014844 0.022222
0 0.329297 0.052083 0.017969 0.023611
0 0.555078 0.092361 0.046094 0.043056
0 0.157813 0.502778 0.012500 0.022222
0 0.132813 0.483333 0.014062 0.013889
0 0.111328 0.461806 0.019531 0.018056
0 0.353125 0.828472 0.026563 0.037500
0 0.671484 0.877083 0.017969 0.037500
1 0.269922 0.146528 0.011719 0.023611
1 0.878906 0.341667 0.010937 0.019444
1 0.843359 0.495833 0.011719 0.025000
1 0.474609 0.728472 0.011719 0.023611
1 0.516406 0.621528 0.015625 0.023611
1 0.231641 0.838889 0.014844 0.022222
1 0.212891 0.825000 0.007031 0.019444
1 0.421094 0.529167 0.010937 0.019444
1 0.333203 0.464583 0.008594 0.026389
2 0.203906 0.100694 0.035937 0.048611
2 0.196484 0.190972 0.019531 0.043056
2 0.081641 0.190278 0.013281 0.025000
2 0.250000 0.231250 0.026563 0.031944
2 0.044922 0.458333 0.035156 0.050000
2 0.130078 0.750000 0.032031 0.108333
2 0.288281 0.959722 0.014062 0.030556
2 0.571094 0.956944 0.035937 0.050000
2 0.471875 0.969444 0.014062 0.030556
2 0.792578 0.424306 0.032031 0.056944
2 0.814062 0.170833 0.021875 0.030556
2 0.727734 0.133333 0.022656 0.033333
2 0.767578 0.065278 0.027344 0.055556
2 0.551562 0.101389 0.068750 0.075000
2 0.586328 0.197222 0.057031 0.075000
2 0.457422 0.252778 0.125781 0.105556
2 0.389844 0.475694 0.025000 0.020833
2 0.319141 0.434722 0.017969 0.027778
2 0.554688 0.415278 0.146875 0.144444
2 0.330859 0.591667 0.024219 0.030556
3 0.045703 0.555556 0.032031 0.086111
3 0.379687 0.132639 0.092188 0.079167
3 0.432422 0.062500 0.071094 0.058333
3 0.350391 0.587500 0.055469 0.138889
3 0.329297 0.330556 0.063281 0.108333
3 0.484375 0.703472 0.053125 0.076389
3 0.580859 0.704861 0.064844 0.073611
3 0.642969 0.642361 0.051562 0.070833
3 0.657422 0.422222 0.108594 0.233333
3 0.632031 0.259028 0.132813 0.093056
3 0.641406 0.154167 0.078125 0.102778
