4 0.715625 0.518056 0.112500 0.208333
0 0.433594 0.358333 0.028125 0.047222
0 0.380859 0.288194 0.028906 0.045833
0 0.551562 0.250694 0.025000 0.034722
1 0.544141 0.240278 0.008594 0.016667
1 0.559375 0.279861 0.009375 0.018056
1 0.523047 0.304167 0.010156 0.016667
1 0.216797 0.216667 0.008594 0.019444
1 0.355078 0.455556 0.008594 0.022222
1 0.353125 0.304167 0.009375 0.027778
2 0.187891 0.500000 0.024219 0.027778
2 0.366797 0.599306 0.016406 0.020833
2 0.347266 0.481944 0.017969 0.030556
2 0.381250 0.384722 0.032812 0.030556
2 0.443750 0.087500 0.025000 0.044444
2 0.337109 0.109722 0.022656 0.044444
3 0.464063 0.588194 0.023438 0.048611
3 0.266797 0.482639 0.016406 0.029167
3 0.553516 0.493750 0.080469 0.120833
