0 0.364844 0.131944 0.028125 0.036111
0 0.403516 0.221528 0.028906 0.070833
0 0.556250 0.347917 0.023438 0.034722
0 0.529297 0.319444 0.017969 0.036111
1 0.442187 0.194444 0.009375 0.016667
1 0.416797 0.094444 0.013281 0.019444
1 0.328125 0.146528 0.012500 0.015278
1 0.311328 0.357639 0.017969 0.023611
1 0.337500 0.364583 0.012500 0.026389
1 0.414453 0.395833 0.011719 0.019444
1 0.428125 0.446528 0.010937 0.026389
1 0.467578 0.491667 0.013281 0.022222
1 0.326172 0.731944 0.013281 0.016667
1 0.419531 0.810417 0.014062 0.034722
1 0.521484 0.697917 0.010156 0.020833
1 0.492578 0.702083 0.011719 0.018056
1 0.739062 0.670833 0.014062 0.022222
1 0.633203 0.614583 0.013281 0.020833
1 0.623828 0.834028 0.011719 0.029167
1 0.691797 0.331944 0.021094 0.022222
1 0.691797 0.363194 0.014844 0.020833
1 0.511719 0.229167 0.015625 0.030556
2 0.250781 0.427778 0.028125 0.044444
2 0.303906 0.579167 0.018750 0.036111
2 0.417578 0.650694 0.091406 0.173611
2 0.311719 0.214583 0.023438 0.023611
2 0.425000 0.222917 0.018750 0.045833
2 0.510156 0.152778 0.029687 0.038889
2 0.532812 0.583333 0.123438 0.175000
2 0.566797 0.359722 0.099219 0.075000
2 0.596484 0.278472 0.030469 0.031944
2 0.645703 0.311111 0.017969 0.033333
2 0.694141 0.752083 0.027344 0.040278
4 0.828906 0.511806 0.123438 0.168056
