1 0.413672 0.265972 0.010156 0.020833
1 0.553516 0.643750 0.016406 0.020833
1 0.614453 0.504167 0.010156 0.038889
1 0.701563 0.620833 0.009375 0.025000
2 0.413672 0.269444 0.016406 0.036111
2 0.446875 0.593750 0.021875 0.037500
2 0.380859 0.697917 0.019531 0.031944
2 0.622266 0.282639 0.032031 0.043056
2 0.777734 0.447917 0.022656 0.054167
2 0.705859 0.615972 0.011719 0.029167
2 0.593359 0.601389 0.016406 0.036111
2 0.532031 0.618750 0.059375 0.093056
3 0.588672 0.435417 0.013281 0.026389
3 0.412109 0.489583 0.113281 0.123611
4 0.191016 0.544444 0.125781 0.163889
