4 0.717578 0.493056 0.110156 0.177778
3 0.419531 0.365972 0.028125 0.076389
3 0.478516 0.284028 0.017969 0.043056
3 0.359375 0.136806 0.018750 0.045833
3 0.264453 0.579167 0.027344 0.050000
3 0.196875 0.607639 0.032812 0.040278
3 0.546484 0.592361 0.025781 0.054167
2 0.280078 0.215972 0.016406 0.026389
2 0.269531 0.406250 0.028125 0.076389
2 0.348437 0.302083 0.018750 0.018056
2 0.312891 0.360417 0.013281 0.029167
2 0.140625 0.576389 0.043750 0.055556
2 0.198437 0.495833 0.020312 0.044444
2 0.225391 0.559028 0.028906 0.101389
2 0.251563 0.698611 0.037500 0.050000
2 0.165625 0.228472 0.017188 0.026389
2 0.166797 0.858333 0.028906 0.044444
2 0.494531 0.763194 0.125000 0.087500
2 0.367969 0.746528 0.090625 0.087500
2 0.483594 0.538194 0.071875 0.073611
2 0.560156 0.402083 0.039063 0.056944
2 0.606250 0.579861 0.050000 0.084722
2 0.624219 0.918056 0.053125 0.111111
2 0.748047 0.788889 0.024219 0.044444
2 0.884766 0.625000 0.058594 0.063889
2 0.898047 0.706250 0.032031 0.056944
2 0.871875 0.357639 0.039063 0.062500
1 0.305469 0.107639 0.012500 0.023611
1 0.346875 0.129167 0.012500 0.022222
1 0.341016 0.197917 0.011719 0.023611
1 0.255078 0.382639 0.008594 0.015278
1 0.120312 0.409722 0.009375 0.027778
1 0.303906 0.593750 0.010937 0.015278
1 0.428516 0.698611 0.008594 0.025000
1 0.457812 0.865972 0.010937 0.015278
1 0.417969 0.922222 0.031250 0.025000
1 0.572266 0.422917 0.010156 0.026389
1 0.598047 0.441667 0.013281 0.022222
1 0.803125 0.654167 0.007813 0.025000
1 0.823828 0.674306 0.014844 0.026389
1 0.836719 0.647917 0.010937 0.026389
1 0.383594 0.341667 0.010937 0.030556
1 0.424219 0.325694 0.014062 0.020833
0 0.859766 0.661111 0.028906 0.041667
0 0.906641 0.586806 0.050781 0.031944
0 0.386719 0.165972 0.020312 0.034722
0 0.447266 0.772222 0.017969 0.022222
0 0.315625 0.788194 0.043750 0.054167
