4 0.761328 0.490972 0.114844 0.181944
1 0.230078 0.043056 0.011719 0.016667
1 0.230859 0.183333 0.014844 0.027778
1 0.240234 0.268056 0.010156 0.016667
1 0.081641 0.568056 0.011719 0.016667
1 0.183203 0.534028 0.008594 0.015278
1 0.139844 0.570139 0.009375 0.020833
1 0.153516 0.469444 0.011719 0.019444
1 0.316016 0.209028 0.008594 0.020833
1 0.298047 0.565278 0.011719 0.022222
1 0.339453 0.603472 0.011719 0.018056
1 0.344922 0.525694 0.010156 0.023611
1 0.301953 0.543750 0.008594 0.018056
1 0.374609 0.431250 0.008594 0.018056
1 0.346094 0.455556 0.010937 0.019444
1 0.240234 0.809722 0.011719 0.019444
1 0.187109 0.871528 0.013281 0.018056
1 0.451953 0.602778 0.010156 0.019444
1 0.416016 0.763194 0.008594 0.015278
1 0.401172 0.790278 0.013281 0.022222
1 0.367578 0.918750 0.011719 0.020833
1 0.505469 0.431250 0.009375 0.018056
1 0.712891 0.169444 0.013281 0.022222
1 0.690625 0.159028 0.010937 0.018056
1 0.666016 0.038194 0.011719 0.018056
1 0.585938 0.384722 0.010937 0.016667
1 0.524219 0.342361 0.009375 0.018056
1 0.706641 0.930556 0.010156 0.025000
1 0.653516 0.966667 0.011719 0.022222
2 0.095312 0.636806 0.037500 0.054167
2 0.091406 0.485417 0.014062 0.040278
2 0.119141 0.513194 0.022656 0.034722
2 0.194531 0.195139 0.020312 0.034722
2 0.321875 0.669444 0.015625 0.022222
2 0.178125 0.575000 0.012500 0.022222
2 0.175391 0.683333 0.014844 0.041667
2 0.608594 0.053472 0.042188 0.048611
2 0.587500 0.931250 0.018750 0.018056
2 0.541406 0.881944 0.012500 0.025000
2 0.375781 0.943750 0.014062 0.023611
2 0.423828 0.974306 0.021094 0.023611
3 0.419141 0.525000 0.055469 0.069444
3 0.448828 0.230556 0.072656 0.058333
3 0.233594 0.501389 0.025000 0.066667
3 0.213281 0.563194 0.050000 0.045833
3 0.287891 0.715972 0.022656 0.045833
3 0.517969 0.360417 0.051562 0.051389
3 0.439063 0.842361 0.039063 0.034722
3 0.463672 0.045833 0.014844 0.016667
3 0.281641 0.306944 0.019531 0.033333
