0 0.138672 0.185417 0.019531 0.040278
0 0.565625 0.797222 0.035937 0.050000
0 0.735156 0.122917 0.034375 0.073611
1 0.198828 0.118750 0.024219 0.054167
1 0.251172 0.115278 0.019531 0.050000
1 0.338672 0.094444 0.010156 0.019444
1 0.323438 0.134028 0.015625 0.031944
1 0.360938 0.070833 0.009375 0.022222
1 0.169531 0.122917 0.014062 0.051389
1 0.559375 0.371528 0.015625 0.023611
1 0.386328 0.631250 0.017969 0.026389
1 0.374219 0.676389 0.020312 0.030556
2 0.113281 0.258333 0.018750 0.058333
2 0.341406 0.061111 0.014062 0.030556
2 0.417969 0.661111 0.028125 0.055556
2 0.629687 0.130556 0.028125 0.041667
2 0.653125 0.047222 0.037500 0.036111
2 0.678906 0.213889 0.020312 0.041667
2 0.748047 0.156250 0.053906 0.073611
2 0.881250 0.293056 0.025000 0.047222
2 0.896094 0.681944 0.026563 0.041667
2 0.735937 0.801389 0.023438 0.038889
2 0.836328 0.590972 0.027344 0.048611
3 0.339063 0.550694 0.043750 0.176389
3 0.438672 0.509028 0.141406 0.134722
3 0.532031 0.661111 0.073437 0.202778
3 0.567969 0.497222 0.103125 0.094444
3 0.566016 0.334722 0.030469 0.036111
3 0.658594 0.436806 0.031250 0.051389
4 0.214844 0.543056 0.137500 0.177778
