4 0.731250 0.472917 0.145313 0.165278
2 0.817187 0.265278 0.043750 0.061111
2 0.887891 0.604861 0.028906 0.045833
2 0.594531 0.569444 0.012500 0.027778
2 0.644922 0.678472 0.028906 0.031944
2 0.658984 0.872222 0.035156 0.047222
2 0.214453 0.068750 0.021094 0.037500
1 0.221875 0.538889 0.010937 0.030556
1 0.530859 0.342361 0.011719 0.023611
1 0.494141 0.351389 0.013281 0.022222
1 0.268750 0.706944 0.010937 0.025000
1 0.576953 0.668056 0.011719 0.022222
1 0.601563 0.834722 0.007813 0.016667
1 0.655078 0.836111 0.014844 0.019444
