4 0.773828 0.536111 0.122656 0.166667
3 0.497266 0.263889 0.130469 0.127778
3 0.292969 0.466667 0.087500 0.130556
3 0.287109 0.686806 0.064844 0.079167
3 0.364453 0.598611 0.202344 0.127778
3 0.386328 0.487500 0.061719 0.102778
2 0.441016 0.165972 0.064844 0.073611
2 0.228906 0.053472 0.076563 0.065278
2 0.155078 0.197917 0.066406 0.084722
2 0.223438 0.622917 0.039063 0.054167
2 0.169531 0.536111 0.028125 0.044444
2 0.082813 0.555556 0.046875 0.044444
2 0.102344 0.450000 0.039063 0.038889
2 0.378516 0.408333 0.041406 0.055556
2 0.155078 0.855556 0.042969 0.047222
2 0.215234 0.858333 0.025781 0.030556
2 0.229297 0.745833 0.017969 0.041667
2 0.351172 0.860417 0.021094 0.037500
2 0.498047 0.686111 0.052344 0.050000
2 0.743750 0.764583 0.014062 0.029167
1 0.621484 0.093750 0.011719 0.031944
1 0.690625 0.880556 0.018750 0.030556
1 0.425391 0.753472 0.016406 0.031944
1 0.444141 0.574306 0.019531 0.037500
1 0.336328 0.655556 0.024219 0.041667
1 0.273047 0.839583 0.013281 0.026389
1 0.362109 0.820139 0.017969 0.026389
1 0.219141 0.197917 0.021094 0.023611
1 0.103125 0.297222 0.012500 0.025000
0 0.691016 0.125000 0.042969 0.063889
0 0.459766 0.156250 0.036719 0.054167
0 0.319531 0.942361 0.037500 0.043056
