1 0.789844 0.427083 0.007813 0.020833
1 0.822656 0.465972 0.010937 0.020833
1 0.725781 0.471528 0.010937 0.018056
1 0.619922 0.340278 0.010156 0.025000
1 0.668359 0.256250 0.008594 0.012500
1 0.578516 0.451389 0.007031 0.013889
1 0.568359 0.771528 0.013281 0.020833
1 0.701953 0.804167 0.011719 0.022222
1 0.356250 0.100000 0.010937 0.019444
2 0.565625 0.768056 0.018750 0.033333
2 0.700781 0.030556 0.029687 0.044444
3 0.540625 0.632639 0.017188 0.056944
3 0.542578 0.326389 0.017969 0.052778
4 0.229297 0.475000 0.130469 0.172222
