4 0.835547 0.501389 0.128906 0.177778
0 0.755078 0.078472 0.027344 0.056944
0 0.425000 0.954861 0.026563 0.043056
0 0.284766 0.861111 0.039844 0.069444
0 0.385547 0.261806 0.063281 0.084722
1 0.178516 0.188889 0.007031 0.016667
1 0.197266 0.193750 0.007031 0.012500
1 0.134375 0.411111 0.009375 0.013889
1 0.122656 0.524306 0.010937 0.009722
1 0.141797 0.488194 0.010156 0.018056
1 0.203906 0.414583 0.009375 0.015278
1 0.197266 0.443056 0.007031 0.019444
1 0.252344 0.443056 0.009375 0.019444
1 0.169141 0.565278 0.010156 0.019444
1 0.198047 0.772222 0.011719 0.022222
1 0.254687 0.831250 0.007813 0.023611
1 0.364453 0.757639 0.007031 0.020833
1 0.313672 0.790972 0.008594 0.015278
1 0.358594 0.875694 0.010937 0.015278
1 0.504687 0.600000 0.010937 0.019444
1 0.460938 0.641667 0.006250 0.011111
1 0.480078 0.717361 0.008594 0.015278
1 0.367969 0.635417 0.009375 0.020833
1 0.581641 0.761111 0.011719 0.022222
1 0.615625 0.747917 0.010937 0.009722
1 0.638672 0.699306 0.007031 0.012500
1 0.642187 0.642361 0.007813 0.023611
1 0.625781 0.648611 0.009375 0.016667
1 0.737109 0.453472 0.011719 0.020833
1 0.665234 0.470139 0.007031 0.023611
1 0.638281 0.482639 0.009375 0.018056
1 0.635547 0.505556 0.013281 0.016667
1 0.568750 0.506250 0.006250 0.023611
1 0.776563 0.799306 0.007813 0.020833
1 0.781250 0.853472 0.007813 0.012500
1 0.828125 0.785417 0.012500 0.020833
1 0.833594 0.733333 0.012500 0.016667
1 0.874219 0.620833 0.009375 0.025000
1 0.541797 0.040972 0.010156 0.018056
1 0.590234 0.075694 0.008594 0.018056
1 0.428516 0.246528 0.011719 0.009722
2 0.308594 0.264583 0.028125 0.045833
2 0.327344 0.347222 0.071875 0.066667
2 0.185937 0.468750 0.018750 0.043056
2 0.228516 0.656944 0.032031 0.044444
2 0.329297 0.681250 0.072656 0.095833
2 0.333594 0.507639 0.048437 0.106944
2 0.385547 0.861111 0.110156 0.163889
2 0.545313 0.857639 0.164063 0.159722
2 0.432813 0.138889 0.056250 0.083333
2 0.381641 0.061111 0.024219 0.041667
2 0.608984 0.332639 0.049219 0.065278
2 0.625781 0.081250 0.023438 0.029167
2 0.532812 0.399306 0.031250 0.043056
2 0.466016 0.221528 0.017969 0.037500
2 0.800000 0.258333 0.031250 0.052778
2 0.775391 0.145833 0.036719 0.041667
2 0.534766 0.172917 0.036719 0.031944
3 0.580469 0.256944 0.026563 0.033333
3 0.595312 0.397222 0.029687 0.036111
3 0.539453 0.345139 0.019531 0.048611
3 0.392969 0.438194 0.045313 0.115278
3 0.459766 0.391667 0.063281 0.052778
3 0.471875 0.291667 0.057813 0.061111
3 0.250391 0.339583 0.050781 0.059722
