4 0.223047 0.417361 0.113281 0.170833
3 0.487109 0.323611 0.014844 0.044444
3 0.627344 0.571528 0.056250 0.126389
3 0.648828 0.305556 0.063281 0.097222
3 0.692187 0.409722 0.117188 0.100000
3 0.521094 0.804861 0.015625 0.029167
3 0.442969 0.694444 0.031250 0.041667
2 0.555859 0.186806 0.036719 0.051389
2 0.671094 0.146528 0.023438 0.037500
2 0.614844 0.513889 0.020312 0.036111
2 0.686719 0.702083 0.021875 0.045833
2 0.502344 0.876389 0.034375 0.036111
2 0.378906 0.020139 0.014062 0.026389
2 0.328906 0.396528 0.017188 0.015278
1 0.484766 0.467361 0.008594 0.023611
1 0.482422 0.652778 0.007031 0.016667
1 0.482031 0.678472 0.007813 0.015278
1 0.499609 0.726389 0.008594 0.016667
1 0.613672 0.881250 0.010156 0.026389
1 0.659766 0.721528 0.011719 0.020833
1 0.892969 0.724306 0.010937 0.020833
1 0.823438 0.464583 0.012500 0.029167
1 0.684766 0.059028 0.013281 0.026389
0 0.479297 0.900694 0.083594 0.065278
0 0.568750 0.916667 0.026563 0.061111
0 0.703516 0.684028 0.046094 0.059722
0 0.600000 0.770833 0.039063 0.038889
0 0.210156 0.038889 0.031250 0.055556
