0 0.248047 0.940972 0.033594 0.079167
1 0.744531 0.348611 0.014062 0.030556
1 0.525000 0.344444 0.020312 0.036111
2 0.146094 0.845833 0.031250 0.050000
2 0.323047 0.285417 0.021094 0.031944
2 0.524219 0.225694 0.098438 0.095833
2 0.583984 0.459028 0.044531 0.070833
2 0.743750 0.705556 0.039063 0.052778
2 0.800391 0.624306 0.028906 0.045833
3 0.609766 0.531250 0.097656 0.098611
3 0.561328 0.626389 0.033594 0.047222
3 0.725781 0.565972 0.018750 0.043056
4 0.208984 0.414583 0.122656 0.165278
