4 0.248828 0.474306 0.127344 0.168056
3 0.847266 0.428472 0.063281 0.095833
3 0.855469 0.571528 0.029687 0.043056
3 0.785547 0.443750 0.017969 0.031944
3 0.753516 0.549306 0.032031 0.051389
2 0.820313 0.788889 0.025000 0.030556
2 0.781641 0.809028 0.013281 0.026389
2 0.810156 0.643056 0.010937 0.038889
2 0.868750 0.145139 0.025000 0.034722
2 0.814844 0.517361 0.018750 0.034722
2 0.836719 0.488889 0.021875 0.038889
2 0.533594 0.263194 0.014062 0.031944
2 0.626953 0.268750 0.017969 0.026389
2 0.419531 0.905556 0.014062 0.022222
2 0.514844 0.070833 0.010937 0.013889
1 0.891406 0.770833 0.010937 0.027778
1 0.730469 0.795833 0.009375 0.022222
1 0.681641 0.648611 0.013281 0.025000
1 0.712500 0.714583 0.010937 0.020833
1 0.613672 0.743056 0.013281 0.025000
1 0.665234 0.502083 0.010156 0.029167
1 0.738672 0.400694 0.008594 0.031944
0 0.423828 0.099306 0.021094 0.045833
