4 0.676953 0.480556 0.117969 0.202778
0 0.294141 0.138194 0.016406 0.040278
0 0.226953 0.126389 0.030469 0.047222
0 0.277734 0.891667 0.024219 0.063889
0 0.172266 0.881944 0.016406 0.033333
0 0.198047 0.919444 0.025781 0.038889
0 0.276953 0.756250 0.019531 0.029167
0 0.661719 0.179861 0.017188 0.034722
0 0.758203 0.809028 0.028906 0.065278
0 0.650000 0.970139 0.028125 0.059722
0 0.582812 0.972222 0.032812 0.055556
1 0.099609 0.281250 0.008594 0.015278
1 0.120312 0.310417 0.009375 0.018056
1 0.351563 0.181250 0.009375 0.018056
1 0.308594 0.206250 0.009375 0.018056
1 0.146094 0.449306 0.012500 0.020833
1 0.158984 0.429167 0.008594 0.016667
1 0.158594 0.472917 0.007813 0.020833
1 0.178906 0.314583 0.007813 0.020833
1 0.145703 0.525000 0.010156 0.019444
1 0.110156 0.475000 0.009375 0.016667
1 0.125000 0.661111 0.007813 0.022222
1 0.117578 0.647222 0.008594 0.016667
1 0.167969 0.802778 0.009375 0.019444
1 0.222266 0.855556 0.010156 0.019444
1 0.197656 0.836806 0.009375 0.023611
1 0.287500 0.725694 0.007813 0.020833
1 0.260156 0.662500 0.014062 0.025000
1 0.258203 0.542361 0.010156 0.023611
1 0.239453 0.458333 0.008594 0.019444
1 0.191016 0.525694 0.008594 0.023611
1 0.223438 0.478472 0.007813 0.015278
1 0.283203 0.336806 0.010156 0.029167
1 0.278516 0.302083 0.008594 0.018056
1 0.382813 0.640972 0.010937 0.018056
1 0.369141 0.646528 0.010156 0.020833
1 0.406250 0.688889 0.007813 0.019444
1 0.408594 0.189583 0.010937 0.018056
1 0.441016 0.304861 0.011719 0.018056
1 0.423438 0.316667 0.009375 0.016667
1 0.364844 0.302083 0.007813 0.023611
1 0.407813 0.463889 0.010937 0.019444
1 0.377344 0.479861 0.007813 0.018056
1 0.399219 0.327083 0.009375 0.018056
1 0.504297 0.809028 0.010156 0.018056
1 0.444531 0.254167 0.009375 0.019444
1 0.512500 0.452778 0.010937 0.016667
1 0.544141 0.504861 0.010156 0.018056
1 0.498047 0.649306 0.008594 0.018056
1 0.580859 0.031944 0.010156 0.019444
1 0.705859 0.193750 0.010156 0.018056
1 0.618359 0.228472 0.010156 0.018056
1 0.496094 0.176389 0.007813 0.016667
1 0.582812 0.315278 0.010937 0.019444
1 0.640234 0.715278 0.010156 0.022222
1 0.660156 0.641667 0.010937 0.019444
1 0.542578 0.557639 0.010156 0.018056
1 0.798047 0.497917 0.010156 0.015278
1 0.822656 0.366667 0.007813 0.016667
1 0.802734 0.372222 0.008594 0.019444
1 0.524219 0.973611 0.010937 0.013889
1 0.434766 0.573611 0.008594 0.016667
1 0.479297 0.609722 0.010156 0.016667
2 0.076563 0.515278 0.017188 0.030556
2 0.199609 0.274306 0.021094 0.040278
2 0.227344 0.243750 0.012500 0.023611
2 0.192969 0.884722 0.032812 0.038889
2 0.264844 0.915972 0.029687 0.034722
2 0.230859 0.052083 0.013281 0.020833
2 0.349219 0.205556 0.029687 0.052778
2 0.247266 0.397917 0.013281 0.023611
2 0.183594 0.504167 0.015625 0.027778
2 0.401953 0.295833 0.014844 0.033333
2 0.331641 0.623611 0.032031 0.044444
2 0.487500 0.286111 0.059375 0.072222
2 0.351953 0.685417 0.024219 0.037500
2 0.344141 0.829861 0.019531 0.045833
2 0.602344 0.081944 0.029687 0.047222
2 0.716016 0.071528 0.016406 0.051389
2 0.644922 0.102083 0.025781 0.048611
2 0.849609 0.483333 0.021094 0.047222
2 0.761719 0.677778 0.028125 0.075000
2 0.821094 0.652083 0.017188 0.031944
2 0.717578 0.763889 0.027344 0.077778
2 0.611719 0.918056 0.023438 0.027778
2 0.698047 0.827083 0.025781 0.051389
2 0.579297 0.606250 0.024219 0.029167
2 0.667188 0.676389 0.015625 0.027778
2 0.346484 0.400000 0.011719 0.022222
3 0.435937 0.324306 0.021875 0.023611
3 0.553516 0.321528 0.030469 0.029167
3 0.451562 0.540972 0.017188 0.020833
3 0.833984 0.453472 0.013281 0.026389
