1 0.486328 0.490278 0.014844 0.022222
1 0.404687 0.079861 0.021875 0.020833
1 0.688281 0.238889 0.021875 0.022222
1 0.639063 0.225000 0.010937 0.019444
1 0.436719 0.485417 0.009375 0.020833
2 0.662109 0.304861 0.038281 0.040278
2 0.871094 0.684722 0.023438 0.038889
2 0.697656 0.453472 0.018750 0.034722
2 0.468359 0.552778 0.025781 0.050000
2 0.401563 0.084028 0.026563 0.040278
2 0.328906 0.563889 0.014062 0.027778
2 0.273438 0.798611 0.014062 0.022222
3 0.317187 0.202778 0.035937 0.041667
3 0.466016 0.413889 0.086719 0.119444
3 0.542188 0.462500 0.076563 0.144444
3 0.648438 0.620139 0.014062 0.026389
3 0.571875 0.613889 0.014062 0.019444
3 0.712891 0.509028 0.011719 0.026389
3 0.729297 0.552083 0.036719 0.026389
4 0.816797 0.472222 0.124219 0.169444
