0 0.899219 0.208333 0.026563 0.044444
0 0.742578 0.908333 0.052344 0.122222
0 0.362500 0.095139 0.042188 0.048611
0 0.317187 0.909028 0.039063 0.056944
0 0.182422 0.726389 0.033594 0.033333
1 0.362500 0.618056 0.014062 0.030556
1 0.342187 0.576389 0.010937 0.022222
1 0.386719 0.581944 0.014062 0.022222
1 0.180469 0.219444 0.010937 0.013889
1 0.253516 0.700000 0.013281 0.036111
1 0.304297 0.670139 0.016406 0.026389
1 0.339844 0.736111 0.014062 0.019444
1 0.258594 0.579167 0.009375 0.025000
1 0.519531 0.139583 0.014062 0.040278
1 0.485938 0.703472 0.017188 0.029167
1 0.685547 0.668056 0.010156 0.052778
1 0.635547 0.644444 0.014844 0.022222
1 0.824609 0.466667 0.013281 0.025000
1 0.652344 0.279861 0.018750 0.026389
1 0.747266 0.500000 0.011719 0.027778
1 0.692969 0.063194 0.014062 0.018056
2 0.733203 0.112500 0.025781 0.072222
2 0.788672 0.291667 0.024219 0.055556
2 0.637109 0.748611 0.097656 0.069444
2 0.691016 0.385417 0.025781 0.040278
2 0.687500 0.567361 0.034375 0.045833
2 0.593359 0.393750 0.033594 0.043056
2 0.357812 0.295139 0.029687 0.031944
2 0.320313 0.056944 0.031250 0.036111
2 0.255469 0.108333 0.035937 0.063889
2 0.282422 0.224306 0.024219 0.040278
2 0.183594 0.675000 0.031250 0.077778
2 0.157031 0.811111 0.025000 0.044444
2 0.185547 0.774306 0.021094 0.048611
2 0.062891 0.543056 0.028906 0.033333
3 0.334375 0.225000 0.056250 0.044444
3 0.517969 0.281944 0.104687 0.075000
3 0.485156 0.417361 0.070313 0.159722
3 0.574609 0.552083 0.055469 0.162500
3 0.703906 0.492361 0.123438 0.101389
3 0.631641 0.223611 0.111719 0.105556
3 0.717969 0.314583 0.043750 0.106944
4 0.236719 0.398611 0.125000 0.163889
