0 0.814844 0.147917 0.032812 0.051389
1 0.816406 0.223611 0.032812 0.058333
1 0.768750 0.234028 0.017188 0.020833
1 0.768750 0.194444 0.007813 0.016667
1 0.810938 0.810417 0.020312 0.034722
1 0.682422 0.702778 0.014844 0.030556
1 0.557031 0.178472 0.014062 0.020833
1 0.567969 0.139583 0.012500 0.023611
1 0.529297 0.277778 0.013281 0.033333
1 0.435156 0.475694 0.015625 0.031944
1 0.230859 0.231944 0.010156 0.025000
1 0.199219 0.304861 0.014062 0.023611
1 0.274609 0.847917 0.016406 0.023611
2 0.849219 0.188194 0.031250 0.031944
2 0.788281 0.141667 0.020312 0.038889
2 0.753516 0.263194 0.017969 0.026389
2 0.757813 0.548611 0.018750 0.033333
2 0.547266 0.921528 0.014844 0.040278
2 0.657031 0.938194 0.021875 0.020833
2 0.605078 0.979861 0.030469 0.040278
2 0.343359 0.075694 0.036719 0.045833
2 0.419531 0.112500 0.029687 0.052778
2 0.210938 0.081250 0.023438 0.040278
2 0.177734 0.200694 0.021094 0.034722
2 0.130859 0.546528 0.025781 0.040278
3 0.675781 0.223611 0.070313 0.127778
3 0.424609 0.639583 0.116406 0.190278
3 0.499219 0.497222 0.048437 0.083333
3 0.576172 0.733333 0.113281 0.358333
3 0.697656 0.665972 0.123438 0.276389
3 0.662891 0.406250 0.108594 0.140278
3 0.920313 0.484722 0.057813 0.169444
3 0.566797 0.236111 0.039844 0.086111
3 0.337500 0.197917 0.082813 0.093056
3 0.500000 0.359722 0.040625 0.063889
4 0.250781 0.475000 0.112500 0.158333
