4 0.259375 0.522222 0.143750 0.236111
1 0.183203 0.779861 0.008594 0.018056
1 0.705469 0.173611 0.009375 0.019444
1 0.643750 0.467361 0.007813 0.020833
1 0.589063 0.484028 0.009375 0.020833
1 0.531641 0.811806 0.008594 0.020833
2 0.321094 0.375694 0.017188 0.023611
2 0.196094 0.136806 0.017188 0.037500
2 0.183984 0.815972 0.011719 0.037500
2 0.680469 0.208333 0.037500 0.055556
2 0.717188 0.166667 0.010937 0.022222
3 0.571484 0.556250 0.032031 0.043056
3 0.324219 0.066667 0.012500 0.019444
