4 0.813672 0.552083 0.108594 0.154167
3 0.717578 0.147222 0.036719 0.069444
3 0.731250 0.285417 0.035937 0.048611
3 0.737500 0.392361 0.040625 0.081944
3 0.678906 0.512500 0.135937 0.161111
3 0.513281 0.433333 0.171875 0.191667
3 0.464844 0.101389 0.020312 0.041667
3 0.620703 0.824306 0.019531 0.026389
3 0.481250 0.693056 0.143750 0.183333
3 0.419922 0.803472 0.128906 0.090278
2 0.684375 0.871528 0.043750 0.037500
2 0.655469 0.040972 0.026563 0.034722
2 0.532812 0.203472 0.037500 0.051389
2 0.470703 0.188194 0.024219 0.034722
2 0.466797 0.418056 0.024219 0.047222
2 0.561328 0.587500 0.022656 0.041667
2 0.343750 0.367361 0.026563 0.026389
2 0.176563 0.593056 0.046875 0.052778
2 0.391797 0.684028 0.105469 0.137500
2 0.346094 0.511111 0.120312 0.197222
1 0.305469 0.407639 0.007813 0.015278
1 0.346484 0.313889 0.011719 0.025000
1 0.363281 0.334028 0.006250 0.012500
1 0.399219 0.290278 0.009375 0.016667
1 0.119531 0.505556 0.009375 0.022222
1 0.202344 0.531250 0.012500 0.018056
1 0.294531 0.765278 0.007813 0.019444
1 0.371094 0.815278 0.010937 0.019444
1 0.520703 0.688194 0.008594 0.023611
1 0.494922 0.859722 0.010156 0.022222
1 0.426953 0.871528 0.008594 0.023611
1 0.430469 0.925000 0.007813 0.019444
1 0.550781 0.619444 0.007813 0.019444
1 0.610937 0.262500 0.009375 0.022222
1 0.593750 0.360417 0.012500 0.015278
1 0.679297 0.372222 0.008594 0.025000
1 0.705469 0.485417 0.012500 0.018056
1 0.671094 0.560417 0.010937 0.020833
1 0.737500 0.751389 0.006250 0.019444
1 0.703125 0.803472 0.010937 0.026389
1 0.583203 0.720139 0.010156 0.020833
0 0.582422 0.179861 0.019531 0.026389
0 0.501953 0.225000 0.046094 0.038889
0 0.427734 0.180556 0.024219 0.058333
0 0.417578 0.038889 0.028906 0.050000
