4 0.254297 0.489583 0.113281 0.204167
1 0.371094 0.027778 0.009375 0.016667
1 0.343750 0.053472 0.014062 0.020833
1 0.572656 0.268056 0.007813 0.016667
1 0.513672 0.440278 0.010156 0.016667
1 0.469531 0.693750 0.007813 0.015278
1 0.469922 0.766667 0.008594 0.013889
1 0.726953 0.700000 0.007031 0.016667
1 0.359375 0.543750 0.009375 0.018056
2 0.740234 0.396528 0.010156 0.018056
2 0.738281 0.590972 0.010937 0.026389
2 0.756250 0.693056 0.009375 0.027778
3 0.330859 0.507639 0.019531 0.056944
