0 0.364844 0.951389 0.031250 0.083333
0 0.217187 0.927778 0.035937 0.066667
1 0.439063 0.346528 0.010937 0.020833
1 0.434375 0.550000 0.010937 0.041667
1 0.558203 0.546528 0.011719 0.037500
1 0.681641 0.625694 0.016406 0.026389
1 0.689453 0.515972 0.013281 0.020833
1 0.669141 0.538194 0.011719 0.020833
1 0.713672 0.444444 0.013281 0.027778
1 0.727344 0.413194 0.007813 0.018056
1 0.552344 0.897917 0.021875 0.040278
1 0.502344 0.888194 0.009375 0.018056
2 0.128906 0.344444 0.031250 0.066667
2 0.042578 0.342361 0.016406 0.020833
2 0.208594 0.860417 0.025000 0.090278
2 0.255859 0.822222 0.027344 0.030556
2 0.709375 0.694444 0.025000 0.047222
2 0.744531 0.716667 0.015625 0.036111
2 0.771875 0.668750 0.017188 0.056944
2 0.545703 0.902778 0.038281 0.047222
2 0.531641 0.531250 0.014844 0.045833
2 0.634766 0.636806 0.016406 0.029167
3 0.304688 0.514583 0.034375 0.068056
3 0.407813 0.525694 0.039063 0.115278
3 0.452344 0.472917 0.031250 0.059722
3 0.489453 0.440972 0.038281 0.068056
3 0.454297 0.587500 0.024219 0.052778
3 0.596875 0.538194 0.028125 0.043056
3 0.450000 0.288889 0.018750 0.033333
4 0.192969 0.514583 0.126563 0.168056
