0 0.809375 0.872222 0.042188 0.066667
0 0.353125 0.025000 0.032812 0.038889
1 0.183594 0.201389 0.014062 0.027778
1 0.596875 0.302083 0.012500 0.018056
1 0.684766 0.856944 0.011719 0.027778
2 0.658594 0.078472 0.023438 0.034722
2 0.779688 0.075000 0.035937 0.041667
2 0.816797 0.835417 0.033594 0.056944
2 0.783203 0.879861 0.025781 0.051389
2 0.701172 0.704167 0.027344 0.041667
2 0.625391 0.746528 0.058594 0.054167
2 0.650391 0.681250 0.028906 0.037500
2 0.562500 0.847917 0.021875 0.031944
2 0.589844 0.515972 0.031250 0.048611
2 0.380859 0.084028 0.102344 0.093056
3 0.580078 0.726389 0.132031 0.175000
3 0.626172 0.547222 0.130469 0.205556
4 0.159766 0.598611 0.135156 0.161111
