0 0.098047 0.649306 0.044531 0.079167
0 0.600781 0.119444 0.010937 0.019444
0 0.579297 0.188194 0.025781 0.023611
0 0.435156 0.793056 0.034375 0.047222
0 0.393359 0.931250 0.024219 0.037500
0 0.583203 0.811111 0.024219 0.033333
0 0.676562 0.883333 0.017188 0.038889
0 0.771875 0.671528 0.017188 0.029167
1 0.575391 0.259028 0.014844 0.026389
1 0.622656 0.309722 0.012500 0.022222
1 0.629687 0.342361 0.010937 0.020833
1 0.575000 0.363889 0.018750 0.041667
1 0.618359 0.427778 0.010156 0.022222
1 0.512109 0.346528 0.013281 0.037500
1 0.446094 0.359028 0.007813 0.026389
1 0.455078 0.409028 0.016406 0.026389
1 0.178516 0.247917 0.014844 0.026389
1 0.306250 0.626389 0.042188 0.050000
1 0.442969 0.844444 0.018750 0.025000
1 0.273438 0.788889 0.014062 0.022222
1 0.341016 0.872222 0.024219 0.038889
1 0.893750 0.721528 0.012500 0.031944
1 0.791406 0.846528 0.015625 0.037500
1 0.823047 0.693750 0.016406 0.051389
1 0.734375 0.788889 0.015625 0.030556
1 0.747656 0.690972 0.010937 0.018056
1 0.689062 0.874306 0.010937 0.020833
1 0.604688 0.915278 0.014062 0.025000
1 0.676172 0.712500 0.008594 0.016667
1 0.592578 0.611806 0.013281 0.020833
1 0.608594 0.556250 0.028125 0.031944
2 0.571094 0.034028 0.039063 0.054167
2 0.502734 0.044444 0.042969 0.052778
2 0.392188 0.083333 0.057813 0.066667
2 0.217969 0.073611 0.029687 0.050000
2 0.224609 0.770833 0.055469 0.144444
2 0.280078 0.873611 0.050781 0.083333
2 0.648438 0.310417 0.093750 0.118056
2 0.739453 0.372917 0.016406 0.043056
2 0.747656 0.613889 0.093750 0.097222
2 0.742969 0.863889 0.034375 0.041667
2 0.532031 0.927778 0.070313 0.044444
2 0.576953 0.761111 0.072656 0.080556
2 0.375000 0.384722 0.050000 0.050000
2 0.485938 0.756250 0.026563 0.051389
2 0.532812 0.832639 0.023438 0.037500
2 0.394531 0.729167 0.025000 0.080556
3 0.391016 0.312500 0.071094 0.072222
3 0.430078 0.423611 0.046094 0.122222
3 0.471094 0.632639 0.040625 0.112500
3 0.436328 0.720833 0.067969 0.058333
3 0.690234 0.485417 0.024219 0.040278
3 0.612891 0.362500 0.019531 0.041667
4 0.205469 0.452778 0.103125 0.158333
