0 0.914844 0.538194 0.015625 0.023611
0 0.925000 0.625000 0.014062 0.030556
0 0.416406 0.035417 0.025000 0.029167
1 0.337891 0.087500 0.010156 0.013889
1 0.303125 0.129167 0.010937 0.019444
1 0.265625 0.111806 0.010937 0.018056
1 0.144141 0.137500 0.014844 0.025000
1 0.140234 0.174306 0.013281 0.018056
1 0.289844 0.275000 0.015625 0.013889
1 0.306641 0.288194 0.007031 0.015278
1 0.380469 0.222917 0.009375 0.018056
1 0.228125 0.287500 0.009375 0.019444
1 0.286719 0.171528 0.014062 0.023611
1 0.229687 0.189583 0.007813 0.015278
1 0.473437 0.249306 0.009375 0.018056
1 0.470313 0.234722 0.010937 0.016667
1 0.362500 0.332639 0.012500 0.012500
1 0.386328 0.324306 0.013281 0.018056
1 0.332031 0.366667 0.010937 0.019444
1 0.276953 0.361111 0.008594 0.019444
1 0.336719 0.454167 0.007813 0.019444
1 0.421875 0.482639 0.010937 0.015278
1 0.291406 0.520833 0.012500 0.022222
1 0.270703 0.540972 0.013281 0.018056
1 0.214453 0.559722 0.010156 0.019444
1 0.189453 0.676389 0.010156 0.027778
1 0.192969 0.767361 0.012500 0.018056
1 0.568359 0.429167 0.011719 0.019444
1 0.493359 0.479861 0.013281 0.020833
1 0.550000 0.479167 0.010937 0.019444
1 0.554297 0.038889 0.011719 0.025000
1 0.578125 0.052778 0.009375 0.013889
1 0.666797 0.044444 0.021094 0.025000
1 0.573047 0.079167 0.013281 0.022222
1 0.650391 0.243056 0.011719 0.019444
2 0.217578 0.078472 0.028906 0.029167
2 0.281250 0.204167 0.020312 0.027778
2 0.229687 0.207639 0.021875 0.029167
2 0.184375 0.180556 0.053125 0.083333
2 0.267188 0.496528 0.026563 0.040278
2 0.231641 0.604861 0.035156 0.040278
2 0.251172 0.693750 0.017969 0.043056
2 0.304297 0.792361 0.066406 0.081944
2 0.165625 0.615278 0.015625 0.027778
2 0.210938 0.818056 0.018750 0.027778
2 0.178906 0.877083 0.042188 0.040278
2 0.416406 0.043750 0.101563 0.073611
2 0.466406 0.727778 0.104687 0.127778
2 0.563281 0.689583 0.035937 0.045833
2 0.603125 0.096528 0.023438 0.037500
2 0.666797 0.084722 0.046094 0.041667
2 0.847656 0.179861 0.079687 0.084722
2 0.852734 0.292361 0.013281 0.029167
3 0.382422 0.093750 0.030469 0.037500
3 0.255859 0.220139 0.027344 0.040278
3 0.226172 0.477778 0.028906 0.047222
3 0.394531 0.671528 0.070313 0.290278
3 0.490625 0.606944 0.115625 0.136111
3 0.469141 0.856250 0.142969 0.120833
3 0.329297 0.647917 0.055469 0.181944
3 0.260938 0.637500 0.031250 0.044444
3 0.599219 0.650000 0.064062 0.044444
4 0.764844 0.499306 0.137500 0.181944
