0 0.260156 0.488889 0.025000 0.036111
0 0.307031 0.913194 0.037500 0.043056
1 0.250391 0.314583 0.032031 0.115278
1 0.347656 0.673611 0.010937 0.016667
1 0.300391 0.678472 0.007031 0.015278
1 0.468750 0.631944 0.012500 0.036111
1 0.846094 0.256944 0.012500 0.022222
1 0.769922 0.826389 0.017969 0.033333
1 0.871875 0.752083 0.018750 0.029167
1 0.704297 0.778472 0.011719 0.020833
1 0.537891 0.909028 0.008594 0.023611
1 0.532812 0.515972 0.006250 0.015278
1 0.595703 0.623611 0.010156 0.019444
1 0.471094 0.765972 0.006250 0.015278
1 0.498437 0.706250 0.009375 0.023611
2 0.452344 0.104861 0.051562 0.059722
2 0.306641 0.094444 0.046094 0.050000
2 0.404297 0.018750 0.017969 0.026389
2 0.259375 0.331250 0.101563 0.104167
2 0.205078 0.508333 0.019531 0.036111
2 0.298828 0.727083 0.035156 0.048611
2 0.216016 0.697917 0.014844 0.023611
2 0.171094 0.835417 0.023438 0.026389
2 0.229297 0.836111 0.016406 0.019444
2 0.228125 0.893750 0.017188 0.018056
2 0.598828 0.625000 0.019531 0.033333
2 0.856641 0.850000 0.013281 0.027778
2 0.832812 0.880556 0.012500 0.022222
2 0.767187 0.966667 0.020312 0.027778
2 0.869922 0.695139 0.021094 0.037500
2 0.838281 0.188194 0.010937 0.029167
3 0.311719 0.406250 0.064062 0.073611
3 0.432422 0.502083 0.027344 0.051389
3 0.473437 0.448611 0.040625 0.086111
3 0.503516 0.514583 0.017969 0.034722
3 0.376563 0.709722 0.017188 0.033333
3 0.519531 0.336111 0.025000 0.041667
4 0.739453 0.458333 0.127344 0.175000
