0 0.423438 0.759722 0.023438 0.058333
0 0.714844 0.121528 0.026563 0.068056
0 0.795313 0.470833 0.025000 0.050000
1 0.189063 0.076389 0.010937 0.019444
1 0.241406 0.084028 0.009375 0.018056
1 0.267969 0.122222 0.010937 0.019444
1 0.278516 0.199306 0.010156 0.015278
1 0.228906 0.291667 0.010937 0.016667
1 0.201172 0.318056 0.010156 0.019444
1 0.153125 0.286806 0.010937 0.018056
1 0.108203 0.388194 0.007031 0.018056
1 0.286719 0.493056 0.009375 0.016667
1 0.325781 0.599306 0.010937 0.020833
1 0.115625 0.489583 0.007813 0.023611
1 0.244141 0.629167 0.008594 0.022222
1 0.135937 0.682639 0.014062 0.026389
1 0.119141 0.723611 0.008594 0.019444
1 0.113281 0.738194 0.009375 0.020833
1 0.217187 0.855556 0.009375 0.019444
1 0.266406 0.894444 0.010937 0.016667
1 0.141406 0.463194 0.012500 0.023611
1 0.526172 0.140972 0.013281 0.018056
1 0.667578 0.084028 0.008594 0.018056
1 0.698438 0.119444 0.007813 0.016667
1 0.571094 0.458333 0.009375 0.019444
1 0.589063 0.578472 0.009375 0.018056
1 0.567578 0.713194 0.008594 0.018056
1 0.508203 0.766667 0.011719 0.019444
1 0.723047 0.617361 0.010156 0.020833
1 0.622266 0.957639 0.011719 0.018056
1 0.640234 0.941667 0.011719 0.016667
1 0.449219 0.507639 0.009375 0.020833
1 0.361719 0.979861 0.014062 0.020833
2 0.145313 0.783333 0.034375 0.077778
2 0.149609 0.216667 0.017969 0.027778
2 0.184766 0.490972 0.017969 0.031944
2 0.187109 0.387500 0.025781 0.036111
2 0.208984 0.438889 0.019531 0.033333
2 0.216016 0.497222 0.016406 0.022222
2 0.366406 0.347222 0.015625 0.025000
2 0.344922 0.606944 0.014844 0.027778
2 0.419141 0.424306 0.022656 0.031944
2 0.282813 0.338194 0.010937 0.026389
2 0.641797 0.044444 0.033594 0.030556
2 0.465234 0.036111 0.014844 0.022222
2 0.514063 0.216667 0.017188 0.027778
2 0.299219 0.747222 0.012500 0.019444
3 0.601563 0.043056 0.034375 0.069444
3 0.358594 0.413194 0.081250 0.129167
3 0.286719 0.721528 0.054688 0.093056
3 0.240234 0.890278 0.030469 0.075000
3 0.196484 0.278472 0.041406 0.068056
3 0.191406 0.592361 0.090625 0.154167
3 0.234766 0.452083 0.030469 0.065278
3 0.184375 0.432639 0.028125 0.034722
4 0.686719 0.499306 0.110937 0.187500
