4 0.156641 0.491667 0.128906 0.147222
3 0.445703 0.299306 0.024219 0.043056
3 0.447266 0.150000 0.055469 0.130556
3 0.460156 0.041667 0.032812 0.050000
3 0.350000 0.169444 0.017188 0.027778
3 0.398438 0.097222 0.018750 0.050000
3 0.563672 0.247222 0.022656 0.033333
3 0.654297 0.231944 0.050781 0.027778
3 0.710938 0.183333 0.017188 0.022222
3 0.621094 0.320833 0.017188 0.038889
3 0.580859 0.489583 0.057031 0.048611
2 0.413672 0.182639 0.074219 0.081944
2 0.501562 0.179167 0.040625 0.036111
2 0.555859 0.195139 0.024219 0.029167
2 0.675781 0.140972 0.082813 0.062500
2 0.258984 0.200694 0.030469 0.040278
2 0.171875 0.165972 0.026563 0.023611
2 0.120703 0.749306 0.038281 0.045833
2 0.240234 0.785417 0.017969 0.031944
2 0.287109 0.826389 0.030469 0.038889
2 0.196875 0.800000 0.028125 0.119444
2 0.464063 0.890972 0.150000 0.115278
2 0.382031 0.747917 0.025000 0.037500
2 0.678516 0.534028 0.132031 0.279167
2 0.664844 0.823611 0.064062 0.080556
2 0.601563 0.895139 0.021875 0.040278
1 0.299219 0.314583 0.009375 0.012500
1 0.373437 0.120139 0.007813 0.015278
1 0.207813 0.075694 0.009375 0.018056
1 0.197266 0.217361 0.010156 0.018056
1 0.146484 0.290278 0.013281 0.022222
1 0.373437 0.543056 0.010937 0.022222
1 0.464063 0.607639 0.009375 0.020833
1 0.469922 0.464583 0.008594 0.018056
1 0.387500 0.693750 0.009375 0.012500
1 0.326562 0.720139 0.007813 0.018056
1 0.147266 0.748611 0.008594 0.013889
1 0.333203 0.957639 0.010156 0.018056
1 0.535937 0.557639 0.007813 0.023611
1 0.503516 0.724306 0.007031 0.020833
1 0.508203 0.756944 0.007031 0.022222
1 0.528125 0.760417 0.010937 0.018056
1 0.552734 0.728472 0.011719 0.015278
1 0.587891 0.800000 0.014844 0.022222
1 0.621875 0.730556 0.010937 0.019444
1 0.687500 0.815278 0.006250 0.011111
1 0.735937 0.828472 0.010937 0.018056
1 0.491406 0.561111 0.006250 0.022222
1 0.657031 0.354167 0.009375 0.016667
1 0.589453 0.333333 0.008594 0.016667
1 0.575781 0.167361 0.007813 0.020833
1 0.701953 0.292361 0.008594 0.015278
1 0.839063 0.269444 0.009375 0.013889
1 0.893359 0.556944 0.007031 0.013889
1 0.869141 0.581250 0.014844 0.023611
1 0.609375 0.064583 0.009375 0.012500
1 0.588672 0.218750 0.010156 0.012500
1 0.616406 0.212500 0.014062 0.016667
1 0.613281 0.381944 0.010937 0.016667
0 0.666406 0.188889 0.015625 0.030556
0 0.144922 0.821528 0.042969 0.076389
