1 0.385156 0.280556 0.010937 0.019444
1 0.275000 0.563194 0.010937 0.018056
1 0.425391 0.612500 0.008594 0.016667
1 0.443750 0.802083 0.007813 0.018056
1 0.538281 0.368056 0.009375 0.016667
1 0.666797 0.365972 0.008594 0.015278
1 0.673437 0.348611 0.007813 0.016667
1 0.612109 0.515278 0.007031 0.016667
1 0.644141 0.504861 0.008594 0.015278
1 0.777344 0.620139 0.009375 0.018056
1 0.732031 0.766667 0.009375 0.019444
1 0.728125 0.586806 0.010937 0.018056
1 0.558594 0.636806 0.009375 0.018056
2 0.585547 0.229167 0.017969 0.030556
2 0.542578 0.254861 0.010156 0.031944
2 0.468750 0.669444 0.015625 0.022222
2 0.570703 0.620833 0.008594 0.022222
2 0.712891 0.408333 0.013281 0.027778
2 0.683203 0.504861 0.010156 0.020833
3 0.481641 0.218056 0.063281 0.155556
3 0.383594 0.177778 0.021875 0.052778
3 0.658594 0.503472 0.131250 0.201389
3 0.503906 0.568750 0.029687 0.026389
3 0.752344 0.366667 0.026563 0.030556
4 0.174219 0.447222 0.115625 0.191667
