4 0.789844 0.538889 0.137500 0.183333
3 0.316016 0.502778 0.067969 0.105556
3 0.373828 0.700000 0.017969 0.036111
2 0.092969 0.686111 0.031250 0.047222
2 0.332422 0.643056 0.041406 0.072222
2 0.199219 0.513194 0.060938 0.101389
2 0.254687 0.439583 0.067188 0.090278
2 0.210547 0.178472 0.035156 0.037500
2 0.321875 0.239583 0.071875 0.059722
2 0.589063 0.456944 0.023438 0.038889
2 0.505859 0.513194 0.038281 0.037500
2 0.662109 0.049306 0.030469 0.045833
2 0.714453 0.074306 0.028906 0.037500
1 0.080469 0.454861 0.009375 0.020833
1 0.094141 0.363194 0.011719 0.018056
1 0.230469 0.093056 0.009375 0.016667
1 0.357422 0.312500 0.013281 0.025000
1 0.379297 0.217361 0.013281 0.018056
0 0.077734 0.702778 0.021094 0.030556
0 0.202344 0.270139 0.031250 0.051389
0 0.250000 0.296528 0.031250 0.059722
0 0.694531 0.042361 0.040625 0.048611
