4 0.271875 0.516667 0.115625 0.147222
3 0.705859 0.312500 0.025781 0.055556
3 0.536719 0.478472 0.057813 0.101389
3 0.598047 0.397222 0.027344 0.047222
3 0.830469 0.821528 0.021875 0.031944
2 0.751562 0.186806 0.029687 0.037500
2 0.821484 0.686111 0.016406 0.036111
2 0.828125 0.781250 0.018750 0.029167
2 0.480078 0.475694 0.017969 0.043056
2 0.472656 0.643750 0.017188 0.037500
1 0.685547 0.756944 0.019531 0.022222
1 0.663672 0.788194 0.028906 0.026389
1 0.893359 0.722917 0.013281 0.015278
1 0.701953 0.585417 0.013281 0.020833
1 0.772266 0.326389 0.011719 0.022222
1 0.750781 0.374306 0.010937 0.020833
1 0.637891 0.483333 0.013281 0.025000
1 0.669141 0.482639 0.014844 0.023611
1 0.628516 0.400694 0.013281 0.023611
1 0.589453 0.220139 0.014844 0.020833
1 0.685938 0.113889 0.020312 0.022222
