4 0.226172 0.397917 0.144531 0.184722
3 0.506641 0.502083 0.050781 0.054167
3 0.550391 0.617361 0.022656 0.031944
3 0.667188 0.566667 0.059375 0.097222
2 0.266797 0.836806 0.014844 0.029167
2 0.298047 0.882639 0.019531 0.040278
2 0.320313 0.419444 0.025000 0.047222
2 0.412891 0.470833 0.052344 0.127778
2 0.492188 0.031250 0.021875 0.029167
2 0.524219 0.173611 0.048437 0.069444
2 0.537109 0.417361 0.041406 0.076389
2 0.473437 0.432639 0.015625 0.029167
2 0.435937 0.542361 0.020312 0.031944
2 0.423047 0.636806 0.014844 0.034722
2 0.652734 0.058333 0.042969 0.038889
2 0.616016 0.554167 0.080469 0.169444
2 0.753906 0.514583 0.026563 0.037500
2 0.692187 0.709028 0.025000 0.034722
2 0.647266 0.706250 0.021094 0.029167
2 0.622656 0.769444 0.021875 0.025000
2 0.881641 0.159028 0.035156 0.048611
2 0.910156 0.339583 0.015625 0.034722
2 0.726563 0.814583 0.018750 0.037500
1 0.080859 0.413889 0.011719 0.025000
1 0.107813 0.504167 0.012500 0.019444
1 0.280078 0.700000 0.014844 0.022222
1 0.294531 0.782639 0.012500 0.026389
1 0.396094 0.824306 0.015625 0.026389
1 0.526172 0.750000 0.010156 0.013889
1 0.491797 0.616667 0.013281 0.027778
1 0.520703 0.327778 0.017969 0.025000
1 0.444141 0.235417 0.016406 0.018056
1 0.427344 0.247222 0.012500 0.019444
1 0.481641 0.393056 0.011719 0.025000
1 0.575781 0.215278 0.009375 0.022222
1 0.619531 0.159722 0.009375 0.022222
1 0.616797 0.278472 0.011719 0.023611
1 0.639063 0.282639 0.010937 0.026389
1 0.677734 0.456944 0.016406 0.027778
1 0.726953 0.666667 0.013281 0.025000
1 0.754297 0.656944 0.010156 0.022222
1 0.775391 0.581944 0.010156 0.019444
1 0.838281 0.545833 0.012500 0.016667
1 0.825781 0.201389 0.014062 0.025000
0 0.681250 0.063889 0.020312 0.041667
0 0.493750 0.163194 0.020312 0.034722
0 0.747656 0.590278 0.021875 0.038889
