4 0.819141 0.490278 0.127344 0.186111
2 0.620313 0.063194 0.035937 0.045833
2 0.586328 0.926389 0.024219 0.047222
1 0.375781 0.092361 0.012500 0.020833
1 0.073437 0.288889 0.009375 0.019444
1 0.141406 0.738889 0.009375 0.027778
1 0.249219 0.706944 0.009375 0.016667
1 0.539063 0.478472 0.007813 0.018056
1 0.570703 0.706944 0.007031 0.016667
1 0.676172 0.234028 0.010156 0.026389
1 0.548828 0.920139 0.007031 0.018056
1 0.563281 0.912500 0.012500 0.022222
1 0.573438 0.932639 0.007813 0.012500
1 0.588672 0.940972 0.008594 0.015278
