0 0.424219 0.929167 0.184375 0.133333
1 0.282031 0.168750 0.009375 0.018056
1 0.056641 0.509028 0.014844 0.045833
1 0.353516 0.755556 0.014844 0.025000
1 0.339844 0.635417 0.012500 0.020833
1 0.528516 0.200694 0.011719 0.023611
1 0.497656 0.611111 0.010937 0.036111
1 0.540625 0.534028 0.014062 0.031944
1 0.591797 0.570139 0.011719 0.023611
1 0.513672 0.460417 0.008594 0.026389
2 0.141016 0.162500 0.039844 0.036111
2 0.108984 0.422917 0.063281 0.276389
2 0.192578 0.259028 0.036719 0.081944
2 0.244141 0.274306 0.024219 0.043056
2 0.235547 0.363194 0.036719 0.040278
2 0.256250 0.436806 0.034375 0.031944
2 0.171875 0.621528 0.060938 0.076389
2 0.184766 0.411111 0.027344 0.044444
2 0.341797 0.305556 0.017969 0.022222
2 0.490625 0.412500 0.023438 0.036111
2 0.403125 0.139583 0.017188 0.029167
2 0.684375 0.483333 0.037500 0.050000
2 0.734375 0.841667 0.025000 0.041667
3 0.657422 0.157639 0.017969 0.037500
3 0.682422 0.106250 0.038281 0.048611
3 0.405078 0.264583 0.042969 0.068056
3 0.324219 0.295139 0.014062 0.026389
4 0.782422 0.438889 0.122656 0.161111
