0 0.474609 0.759722 0.035156 0.069444
1 0.097656 0.569444 0.015625 0.027778
1 0.227734 0.550694 0.011719 0.015278
1 0.470313 0.365972 0.006250 0.018056
1 0.498437 0.381250 0.010937 0.015278
1 0.469531 0.584028 0.009375 0.023611
1 0.592578 0.660417 0.008594 0.012500
1 0.624219 0.661806 0.009375 0.012500
1 0.607031 0.302083 0.009375 0.015278
1 0.578516 0.272917 0.010156 0.020833
1 0.545703 0.372917 0.007031 0.015278
1 0.561719 0.120833 0.020312 0.025000
1 0.612109 0.516667 0.011719 0.019444
1 0.656641 0.449306 0.008594 0.020833
2 0.442187 0.093056 0.057813 0.058333
2 0.505469 0.115972 0.028125 0.059722
2 0.436328 0.272222 0.080469 0.105556
2 0.389062 0.483333 0.042188 0.102778
2 0.455078 0.540278 0.038281 0.047222
2 0.470313 0.762500 0.101563 0.119444
2 0.547266 0.313194 0.036719 0.056944
2 0.585938 0.444444 0.025000 0.058333
2 0.639844 0.318750 0.021875 0.045833
2 0.543750 0.600000 0.056250 0.102778
2 0.597656 0.800694 0.026563 0.031944
2 0.526563 0.841667 0.023438 0.041667
2 0.710547 0.775694 0.024219 0.034722
2 0.653516 0.359028 0.014844 0.020833
2 0.775000 0.404861 0.029687 0.037500
2 0.836719 0.768750 0.034375 0.051389
2 0.673047 0.600000 0.022656 0.036111
2 0.544531 0.048611 0.026563 0.030556
2 0.613281 0.027083 0.026563 0.037500
2 0.726563 0.093056 0.025000 0.033333
3 0.566797 0.220833 0.183594 0.144444
3 0.592578 0.354167 0.038281 0.063889
4 0.849609 0.375694 0.119531 0.154167
